0,429
72,4
72,3
72,2
72,1
72,0
71,4
71,3
71,2
71,1
71,0
0,428
0,427
0,426
0,425
0,424
0,423
0,422
0,421
0,420
0,419
0,418
0,417
0,416
0,415
0,414
0,413
0,412
0,411
0,410
0,409
0,408
0,243
0,407
0,406
0,405
0,404
0,403
0,402
0,401
0,400
0,399
0,398
0,397
0,396
70,4
70,3
70,2
0,395
70,1
70,0
0,394
0,393
0,392
0,391
0,390
0,389
0,388
0,387
0,386
69,3
69,2
0,385
69,1
69,0
0,384
0,283
0,383
0,382
68,4
68,3
68,2
68,1
68,0
67,3
67,2
67,1
67,0
66,4
66,3
66,2
66,1
66,0
63,35
0,278
0,381
0,380
0,379
0,378
65,3
65,2
65,1
65,0
0,377
64,3
64,2
64,1
64,0
59,3
59,2
59,1
59,0
21,3
21,2
21,1
21,0
